513
8742
5370
5585
7485
6202
7918
3590
2863
5509
3888
7101
638
5055
1563
8027
1770
3359
6422
2070
4928
6469
8413
2512
4752
2703
9395
874
6108
248
7038
8474
1005
4326
4370
4918
242
8837
3167
771
4814
262
46
1050
8416
3856
3616
2316
7100
5544
2849
3029
3286
8977
2690
8588
6693
4080
4741
7713
9426
3481
2181
8722
6865
6696
618
7701
8054
5309
9029
9563
3906
2450
5068
9148
9442
6759
3684
6912
863
7867
846
1299
9348
5887
1758
1238
9320
7316
9957
5748
4275
6453
6799
3057
6898
6920
8421
4914
3487
5006
5796
4888
2371
4211
8505
9111
2341
5558
7523
2103
2083
2161
833
3608
1241
7526
2405
5889
5709
1318
3319
6140
3025
4222
5541
3180
2867
569
7778
8395
1000
12
8968
8402
4312
5787
9459
3910
5215
794
4146
5154
8041
5003
4826
6652
3725
3634
3107
4227
5125
7807
7824
8573
2615
9610
7912
7386
9914
6248
5318
560
2026
4722
2833
1179
6724
9388
7667
216
7184
5228
4008
8604
3254
2228
3235
1615
8901
7753
5985
5646
9832
4228
2350
5915
7582
9140
1440
5023
9112
9208
6596
1408
9794
8257
2771
9463
6953
4621
9810
9924
4595
190
2864
2785
1836
3751
1524
6283
6094
2393
2014
5053
8094
419
8327
2770
9707
2277
4738
9672
6183
7682
2106
5092
1797
3374
2408
9873
6928
8864
5604
280
9869
2107
3754
5291
2667
1654
1604
8647
6494
5029
7623
4834
4072
2529
9082
4690
252
3183
1619
5714
1593
52
2433
2060
1086
6651
4656
894
8071
5325
9261
1131
7174
5672
7348
5784
3385
3289
315
4044
8649
9514
2257
1929
2246
4269
5982
800
3247
1314
980
7965
7198
2250
2392
7435
6546
6570
4931
8676
1947
1621
7475
4658
7565
5229
8900
5246
4177
1284
4577
5637
6545
5655
160
8850
3085
26
9116
4062
6065
6830
9232
65
8199
7749
47
3780
6389
4891
519
7137
5907
4136
1870
3412
7146
9081
291
552
110
155
9922
2797
1081
5556
5046
7308
4974
8783
2388
194
6713
2611
1084
6958
6621
6395
7748
5039
4997
3990
5031
8927
2389
8846
5147
8776
7493
8933
8138
5374
4467
4696
1957
553
2896
3614
6989
2139
8823
9460
1180
9247
7693
535
8711
3318
1083
2156
1899
6711
1866
5346
6427
2000
1840
8893
9749
9368
2754
2880
2798
7892
7754
2443
2718
8443
5348
1490
8288
9734
9137
6311
2964
8926
3835
7305
2104
4256
4800
961
335
8036
2506
4000
6160
7420
9458
2538
5349
2642
868
3626
6785
5866
2007
7376
575
6603
4065
2659
600
5067
3300
6732
7249
7313
4409
2987
9559
1208
8842
3222
7697
8839
2122
7264
4263
1564
2978
7828
5451
5472
5329
4505
2298
288
4733
3861
4273
8556
5624
7572
3708
3253
9407
9056
9877
870
430
5702
9597
1190
4318
6438
864
533
6167
801
1618
1105
3645
8931
9510
7868
1346
5292
7176
3885
3793
5359
7513
7429
3152
4761
151
8108
837
7635
7593
9192
1479
3617
6710
4639
8166
6851
9047
88
8637
8675
7651
1153
3488
6432
7058
2348
9142
2150
1119
4259
4849
1480
4221
1147
848
3874
6416
5548
7254
8938
5233
1249
5069
9098
5684
613
8222
4507
4021
9926
1368
8671
189
9206
3971
1
6571
3900
3760
7671
7534
3863
6735
4085
973
4737
9226
7297
1554
9576
3981
6136
6190
434
8966
1014
1285
5457
8015
8441
5365
4940
6690
4818
323
7375
790
7544
300
55
9663
1851
6999
2485
2226
8210
9921
3328
5682
8198
4170
9379
1808
8555
3705
6966
3121
8274
6423
9146
711
2126
7919
3120
4629
6716
1868
4783
5708
1398
7011
7995
753
8928
5939
834
4320
4630
4643
6883
7966
934
8026
4353
3727
6640
9823
6614
9441
5927
3605
6525
6315
1633
8021
6971
8113
474
1361
1782
939
1520
8672
4331
6957
9126
1501
4683
4684
4815
9781
2266
5294
2321
6813
8267
480
1358
6819
9636
184
6983
642
4193
1037
717
8133
8055
7633
9654
6294
6029
2368
3145
7423
8184
6014
7182
8895
6552
1885
101
2514
7243
5713
3764
4839
5534
7803
9968
4016
9484
9848
2701
742
7403
8865
4695
7616
883
705
9697
7440
4090
5429
350
9611
7200
7841
541
2823
4725
1684
5165
5916
9469
9145
6986
3538
9240
5326
7564
2362
5773
437
7216
2561
9763
3288
420
5224
2439
4095
5075
2778
2282
3671
5651
7686
1965
1165
7149
8813
264
8881
4163
454
6901
7924
3196
6182
9648
9526
4415
8250
3123
5632
8283
543
6580
3694
8699
3354
6879
5460
9628
537
6120
6737
3346
4285
4781
8428
2949
367
5283
6847
7285
3929
869
5882
5757
9497
3275
3490
1550
4468
1672
2840
8455
5573
38
1895
8313
6644
5986
929
5858
5323
5469
5433
7087
5350
8390
312
9258
196
2629
4086
9496
4145
2525
70
8020
5925
6144
1905
7678
6755
8987
2837
2167
5974
8259
9737
372
302
4050
3053
2856
7757
4582
8642
2927
7508
2688
7187
6721
9620
8447
9756
7639
7093
8601
5842
4751
8574
2585
483
5502
9144
1823
3474
6517
9289
9747
2255
2425
2166
2041
6849
8403
6356
1281
2
3801
3395
3530
6335
4147
725
6375
6788
8141
4487
7814
3004
138
3149
8011
3185
7858
5064
7057
8151
3679
168
3870
391
9723
6870
9901
4082
2592
5567
9791
4897
4423
5174
398
8178
2398
4876
966
1257
2163
7299
728
3966
6360
5391
4492
1897
8467
5331
5127
9299
3767
4209
1287
4698
9479
3675
5640
2469
516
9748
5266
1298
2899
8425
8496
2855
1385
4925
203
9807
7578
3503
5191
6172
8523
8919
2184
9271
1949
9562
8896
907
1552
3866
8932
9746
9685
2138
2737
3386
1761
2359
4340
5078
8502
4416
6059
1663
1842
4325
2196
7739
4789
9894
4641
4258
3492
8061
3322
1073
2334
8669
9982
993
2852
9729
2510
1679
3258
8365
7402
2554
1721
2740
2117
8290
2375
3661
4048
1901
7426
8735
9052
9084
2144
5576
6773
3045
7129
4244
2120
2646
2473
6694
3771
4587
3447
6751
6798
2080
3015
7430
2279
3859
4573
8387
2435
2095
4161
4100
9156
1161
7563
8284
1656
16
2344
6028
9898
9389
9322
515
112
8786
1025
6463
8341
5931
905
6310
9346
1769
4795
1614
2454
2871
5594
9039
7346
3572
6499
5293
9377
1732
4886
7258
9774
8936
9492
9524
9754
6709
6661
953
6218
41
791
9106
2614
39
267
6181
9371
4469
7570
7368
872
8970
4763
9971
6976
6091
1582
3059
1745
109
799
1397
4330
9890
3816
5411
7709
343
8085
2731
6918
7153
7813
8976
2674
139
9629
5721
7939
408
1462
1002
4812
9851
2387
2548
7412
3839
7978
7853
7195
3066
9468
1810
900
9279
4746
2967
809
2766
3897
7735
722
3789
5465
7932
9695
9207
4315
787
4383
9523
4801
2025
3264
4820
7904
7648
8096
749
6484
6655
2597
7326
3644
2843
5829
919
1984
3502
2781
5022
7225
9104
227
5065
1541
7037
9932
6445
8644
972
7736
3391
4084
1509
5740
6208
6982
19
4042
586
3070
2775
5527
8713
1057
261
2197
9478
3259
1322
8949
2684
2664
459
2520
4003
5362
93
1452
1942
4215
5819
1327
9530
7197
2999
3908
9850
4131
371
6215
8147
5853
2662
6338
6467
1882
944
6113
7967
2064
6980
7237
2732
7615
708
9555
6575
6380
3079
9217
292
4719
6972
5338
4437
1766
66
2515
8717
5423
8945
7405
7113
8104
6650
8819
9961
6477
3988
5442
1704
8754
6237
6598
9903
6672
2736
5830
7404
1499
6828
7826
9886
4494
1090
9404
2374
1027
6162
4474
3007
7514
5629
3536
7597
2919
5048
2260
4770
4979
2318
4424
9918
7221
2631
4235
5150
8857
4825
5178
8022
7946
3122
674
6576
9455
7121
8877
2396
3423
2050
7142
1089
8040
9280
847
8946
3875
9964
4860
838
5251
5235
766
9827
890
5654
6039
813
6199
927
1518
7039
9088
7619
6981
5969
9396
3837
6087
3394
5384
2725
7727
230
803
7342
6251
6607
5601
2820
2134
7789
8087
6857
1012
5118
5549
6565
9070
2305
4908
2972
2037
8947
3348
9689
4288
597
9234
6634
4375
8621
6478
124
97
8801
9356
6460
9107
2924
1653
1253
9595
551
79
3822
6554
2943
5791
7250
6106
990
1809
3658
1884
4866
3931
523
4562
6306
8350
3574
1857
1303
7625
4636
2900
8053
8037
4176
2100
1776
1291
7785
9994
3523
6078
6632
3209
656
2886
7706
2679
5722
8528
6699
4531
8516
3408
6938
8351
4981
2523
4856
7937
5455
14
6505
44
7026
7136
7823
3975
6220
1182
8339
7982
7004
1316
1128
855
9797
1967
8767
3169
582
5631
3151
2534
4300
1213
1759
3367
9575
7948
9372
2844
9919
2360
4270
6935
5861
4118
2818
3406
9035
858
7445
5888
3155
1998
4952
7742
5896
167
7230
9717
4516
9752
7324
8161
4627
4380
1155
8656
9996
9017
5390
8921
7755
382
7642
6382
9480
154
9342
684
7902
1129
9101
5100
1986
1532
917
8479
1034
3953
1828
6932
8578
2866
3473
9300
2581
2969
1695
5340
25
127
3064
6418
2227
7909
4797
9444
7562
5746
1323
7698
490
7632
8727
3788
7067
1059
6496
8533
4852
403
8281
4508
1906
92
2265
1813
6417
6548
8501
8128
7888
9239
702
4276
4551
4143
181
4994
6264
1673
5376
788
4438
1871
3718
9099
1738
9868
6254
3461
1556
4298
7253
2543
9891
9304
9586
7257
9741
6109
8401
6811
2811
6481
5779
6843
7707
3864
9838
2521
6945
7290
1692
8400
4378
4853
263
2136
8419
3301
3068
4732
9311
1916
1242
3268
5870
3040
2019
9815
3996
2223
3389
4760
3117
739
1862
1607
7090
4640
9436
5825
1492
8285
9068
5912
5790
31
3833
7040
6642
7355
571
4496
6046
8223
7262
9711
4418
6377
2010
4186
4929
1831
5799
158
9241
311
9518
2945
2108
4838
7016
130
3809
5173
2178
6543
1224
8608
4240
842
5540
8660
4387
7347
8888
6544
9840
3770
4254
9120
3984
7294
3778
1968
4356
6102
3311
5614
1060
7628
6259
4113
3274
5073
8752
7927
4556
7116
4740
2533
2874
7061
9481
3407
5249
4511
1258
3260
6842
6486
5827
4361
612
1824
7923
353
6687
90
2624
3602
6973
2598
2821
5106
3317
7741
2726
748
6660
7672
646
7515
1426
7512
3236
5883
6790
5622
2131
2810
9678
2077
3640
6344
5970
4463
568
6455
5911
2830
4485
9171
4676
1644
6137
5599
173
8265
6345
9045
9198
3979
7360
5805
4391
133
3392
4906
7833
4736
6383
6512
9246
6959
6426
718
627
9105
3765
8707
5344
4011
6736
1896
185
6925
3126
6414
1849
1841
2707
4937
3775
4549
6214
2708
7353
6112
8291
6070
5514
6424
8538
926
4890
2088
4830
8719
1367
2801
9328
2343
1627
1990
9357
7834
6675
2217
2132
134
2317
1265
210
6778
1674
7099
5942
1245
1170
4466
7050
7098
273
9778
5482
7976
3213
2716
4369
8117
6761
8432
3063
3520
2922
3427
6038
8331
3558
6281
2846
8246
4933
1960
7361
4941
8196
2358
6277
9134
4527
8360
6970
8440
1380
412
240
2568
4574
7601
2340
4785
6061
1988
1750
444
7275
7669
3654
1363
9149
8595
306
4744
2480
2058
6797
115
8426
8657
7335
3023
3653
7556
9780
7997
3468
3455
4462
9219
4200
6189
5307
6121
1802
8349
3840
1771
5877
580
8751
1282
5728
2658
6233
7722
9688
468
3580
5404
6351
232
1301
658
6270
2112
8715
9585
4786
7784
9196
7261
914
7272
7000
2960
5707
1818
8165
5536
2678
1481
1151
7274
6274
5032
6473
2745
2312
5611
3691
5337
6193
3578
9992
8597
8812
5401
7675
8004
497
7975
1087
5898
6838
4368
5389
6979
1474
1098
5639
6763
8725
7504
1630
6349
6037
1578
5162
5040
7704
3965
6209
8709
8878
651
1396
1979
8996
3440
760
6534
7330
4657
4798
9048
3171
6562
6459
6001
1804
4127
3958
3936
299
467
6903
9018
4137
2118
8934
3044
3075
8548
9624
8469
758
2782
7496
8990
3642
7460
836
1202
8332
9498
2062
6
6129
7271
9786
3701
6105
923
2625
5976
1134
4250
8952
2702
9643
4552
1154
5240
7537
4961
2570
5586
901
6430
6897
3535
4223
7914
5749
7215
9016
8680
709
6068
7469
443
8833
202
6658
8738
4397
3741
6913
5171
182
206
2283
9437
9657
1326
9742
121
9976
1822
441
3651
3299
7189
1290
1016
105
2522
8016
2587
7665
8728
911
616
228
5495
3798
4083
1535
3084
8355
9916
2876
778
8937
4586
5753
1727
601
9252
8477
1982
2610
1731
9228
7354
4454
7659
9993
9621
6128
3372
3604
7029
6410
962
6725
8478
2186
8959
9085
8140
48
3618
2488
6077
5776
2045
4414
8532
7480
4701
509
5034
2411
8859
7053
254
8570
1126
1917
1850
579
1914
6186
8686
8541
5175
5551
9987
5236
2539
849
7875
3150
1904
5940
7883
4472
2870
6997
4350
1555
9874
7681
9278
6550
1508
768
5696
7074
2918
118
1413
3553
2466
2578
8521
2286
9609
6771
7877
4526
9813
1294
3912
7796
4821
5136
861
924
6914
4708
8942
6339
3195
4543
4169
8689
4999
2251
1992
3080
8763
5745
7165
7580
256
6955
3193
9920
1232
9668
9448
1488
2042
6278
7603
3899
3436
5261
853
1820
8930
8564
3033
6488
859
8962
1952
1066
4965
5649
8974
3113
930
6284
3868
2022
587
1926
9331
1923
4334
5826
9044
9195
2182
1955
410
9556
1108
2925
4192
1446
5351
4013
9904
820
3381
4842
8638
3203
9878
8383
1383
4584
899
5660
1780
6891
2854
8653
7511
6681
5295
1941
3533
6489
7568
8028
6556
213
5315
9225
7624
9934
5172
3191
8444
7166
4972
520
1344
3815
9216
193
6573
1259
2370
4697
716
3314
3091
3086
2738
1036
4203
4603
8409
8781
654
2988
9602
458
8454
4429
2712
2976
9409
5512
5446
2497
5103
6518
8613
5832
946
7890
3962
9485
2796
1130
9777
8323
7949
8821
5284
9176
7644
9698
9870
3862
6688
7222
7758
402
148
1360
1216
761
7728
1175
3409
64
8492
4357
2994
5282
8562
2453
3088
4660
3188
9078
9276
3942
6297
2243
8185
4483
2449
6055
5445
3720
8414
2313
5786
9887
8031
351
6336
2657
5448
4218
7380
6663
6666
1649
9533
8218
6952
5426
4185
9121
8843
5395
1696
5767
6384
8407
902
4822
4352
2325
8512
6358
9157
7234
8978
8611
7076
2067
1652
98
8567
3460
9735
3956
7498
5755
1712
9981
4162
3985
3428
3511
3672
2357
2349
3569
9150
6048
4453
968
7147
9046
5333
8219
9067
3212
7775
5343
8025
4041
6169
9534
2380
2101
3560
123
9599
7132
9053
712
488
3069
9536
1338
3130
4479
9223
9803
3588
4613
8134
950
283
8775
3429
5205
4329
5341
1003
2872
8187
8527
1199
6890
1307
3790
8418
390
349
3221
3073
8452
5013
1624
3911
1877
5355
5121
531
2093
4847
3304
6074
7908
8749
5105
1487
83
3297
2605
3330
485
2773
4957
8873
9571
5577
4390
5735
3688
8905
8745
2252
3591
693
5555
7070
5431
4160
5499
5816
8957
4655
952
3697
5090
5102
1239
5744
2665
3089
4434
1120
5072
3039
5613
5918
9804
4589
7434
8630
1058
5419
7390
7455
1026
2609
7036
2901
7406
3978
9710
5407
9440
2091
8354
2594
504
6892
6056
4452
670
2001
9405
107
4150
5267
2971
8099
4140
8034
3814
4374
7894
5190
4762
4620
3464
1670
5596
6501
1296
6166
2747
6600
5496
9130
3220
9776
1262
5421
9204
6969
7666
2383
3032
7874
2947
8726
5630
2503
2560
6058
9670
9736
9580
1987
598
4313
7599
4689
8356
5416
3453
5891
7732
21
6184
5638
9397
6845
3632
6878
2931
8507
9092
5793
9581
3077
4926
8500
536
5111
6677
7955
7835
6919
897
3
32
5417
7575
9713
394
7156
2841
7500
4385
3127
2693
3477
7641
9414
244
9002
8697
3349
4111
6161
4536
7392
6967
1447
5385
3128
925
1777
4633
5635
672
4421
4651
9587
745
8536
2170
4581
1789
3432
4311
9114
3316
2071
9282
1718
1085
8668
2540
7643
9818
3179
3267
4167
1594
1056
8917
9213
9618
6071
1141
581
9421
7062
7731
7483
2984
7723
5213
7190
9582
5169
5993
1805
2957
5653
2158
9102
2638
5643
7383
5462
3205
8723
3157
5626
9243
2401
7273
2331
3722
1513
2816
1664
3636
8118
8095
1708
5833
465
5096
8658
2776
3466
6863
3201
5386
7079
7484
4948
1183
4580
5220
1062
4555
9913
9726
2315
8691
4026
1801
7549
2481
7694
9337
2072
5274
8614
8529
5732
4905
9783
8493
3109
3231
827
8201
6412
8655
7780
2574
4565
7873
4768
7130
4280
8964
8768
2039
2713
786
201
7795
5665
6411
7820
7284
2873
510
922
7864
3422
6124
1749
7063
1517
3262
6911
8229
9363
9298
7848
5221
4043
3277
8906
2860
9032
116
1575
949
8592
7471
5117
8870
7916
5972
3208
2566
2714
238
2191
1516
4091
584
5771
3376
1591
6367
5212
9087
462
8058
5011
1430
4779
6404
2887
7131
9647
8188
1534
2990
9771
623
9007
501
6308
4637
426
1872
7095
1373
6408
2289
482
5371
548
5589
6630
4597
538
383
8633
9623
4384
2696
3104
6168
667
1551
8789
8679
1454
6510
3746
583
3133
6984
8829
881
1389
2963
2153
1852
6931
7840
8743
386
4950
9283
9336
605
7612
3134
6134
6722
5219
8796
4773
8082
810
2914
1790
8741
1302
2584
5377
8137
773
3692
7293
9386
8484
3539
5792
9403
9625
889
9822
9626
4092
8261
2155
7077
622
9531
6257
2421
4022
4027
9515
8914
9062
7903
5733
6939
2152
668
4322
275
6540
5831
7367
5873
9182
7206
8282
3051
5863
5255
7518
6810
8535
7014
4002
660
8663
2079
3571
9548
2913
8217
620
2630
1123
4319
217
9834
7456
792
8550
7223
6009
4208
7042
2518
2965
5545
4611
9079
3062
8236
2749
1596
1041
6030
6145
3158
67
3416
4371
6769
4509
1223
2432
8845
7554
8348
2247
7683
4899
5683
199
5691
3366
5263
691
7945
1817
6867
511
2097
1629
6205
435
7670
5345
4493
7930
1935
8683
2431
2593
9847
8420
8650
7110
6626
7595
20
7295
7800
1783
2767
8376
3546
4912
2677
9839
5076
9543
7210
2992
886
1493
8903
831
9161
4394
1407
3723
4617
9759
2337
8445
1482
6069
2013
710
9329
6620
384
4882
8008
8739
6502
4482
7318
9826
8916
3419
9370
8887
1283
8682
8985
2603
6246
4807
9944
4365
2275
8243
5518
3799
3548
1157
808
186
8232
2825
5959
7465
7812
7276
6899
1944
6452
628
1388
918
9905
2468
7634
2125
8132
3707
2063
5134
1755
4224
862
9475
2498
9000
3825
5305
9443
915
3001
2792
5948
5104
9814
6347
1648
4598
5000
6910
2436
9398
3613
3944
5021
2402
8310
3940
1927
7091
6856
3228
4412
5368
7915
2654
6742
5504
7134
6712
1920
5258
3896
2055
6638
4885
8531
8788
703
415
669
5176
2777
9482
3226
3462
1217
8666
6756
6841
5610
4291
1892
6295
9930
7002
9027
4440
8961
6138
4498
8371
6405
6083
3216
9590
5634
8030
7887
7734
1237
1139
1832
4787
7202
4638
8494
8486
6648
4922
5890
5681
1687
982
4205
9577
9355
1437
1107
7839
8336
4103
1705
1354
1166
3291
9852
3360
9430
9160
3156
2399
5747
3624
525
6555
2486
2974
7255
9266
310
7943
3206
2287
9882
719
5301
9962
4533
5435
1733
3786
7856
1071
8189
5335
4054
1819
8072
5035
3585
8546
4680
3855
7794
3186
4916
3344
3284
1725
7288
6331
3323
7158
9719
7114
1707
6633
3278
4098
8950
8619
3065
2291
9730
1735
9212
6817
2140
6474
2687
647
8319
4599
2905
1371
2114
6653
4558
8627
5043
9766
9256
4550
789
3698
5726
475
7239
157
9110
149
9410
3872
8772
2743
409
4155
2204
1640
6216
1510
6855
8994
448
1512
1078
5302
1601
6461
4477
9360
2501
1271
7470
3467
5712
5427
5563
9664
589
7806
9365
4850
1573
6786
1187
9817
5397
2452
8326
7503
6929
4301
681
3917
8746
741
3666
6679
1461
746
7953
4765
6115
329
5775
432
6231
4400
8911
9154
7446
5230
3625
9765
9739
3125
4535
4451
9350
4408
637
1497
7987
7799
7588
5522
1275
5158
3808
8346
8386
4207
8448
1268
8635
2059
4432
6370
5606
7009
2694
1907
4749
6146
5441
122
4398
4220
779
619
9679
3603
3513
5554
5847
8101
3242
2179
6705
8980
5710
236
4845
5584
2556
3621
8093
3601
3261
2671
5420
6685
18
7517
4563
8572
2898
1412
2268
9019
9385
3581
2814
4305
6522
9010
7905
2628
4753
4674
8074
7069
4283
453
2011
7533
4306
166
6044
3800
4337
1763
9237
3959
1698
6611
9978
6268
8136
4704
9893
1069
4393
2017
5247
5901
3907
5903
7034
7607
7336
6276
3452
2145
7539
8167
8044
4975
1915
6180
1156
4619
5950
2032
3238
7363
2460
8581
662
1844
6086
6942
9592
5658
9525
7865
226
1221
3700
2979
4610
1280
1115
7989
8612
3486
3757
3652
418
5569
8106
4464
2035
3739
6036
1910
5091
558
8088
721
5026
5838
1815
2993
3657
9554
6860
2342
8244
6342
6720
5885
3615
9775
4074
5211
4510
7356
5269
3566
4998
6018
234
1598
3357
3719
5867
1611
1717
3607
3139
4968
3103
8266
54
6623
1549
1634
5041
7922
6772
2428
8700
9795
4455
1044
5886
6876
6117
1214
2491
5717
3184
7108
2249
345
2908
9155
2096
6692
7550
6343
2906
7341
2769
977
8120
1205
7752
445
4909
2795
6762
6219
3443
9181
1390
5480
893
6602
2692
6213
6934
5066
3914
1697
2809
5930
6784
4049
7311
7676
3734
7479
7907
8472
7203
9545
1378
4053
8798
5766
153
2238
6917
938
2626
2261
5347
5286
8231
1645
3562
4226
5135
3234
9863
2648
6560
7810
1236
888
1415
3435
5943
7640
2505
6388
9773
2719
235
1254
8340
3141
4419
1720
5461
5080
8960
8984
8065
4710
4105
5524
5731
5686
7751
9124
559
9936
1592
2365
5971
2330
3721
6143
17
4951
6750
1716
1887
3285
715
140
8600
3902
7855
4157
6800
3217
971
2996
2588
6279
2832
9954
4104
1754
1055
3377
477
2323
866
8844
8435
4799
572
6101
7441
2003
9866
7209
5989
126
1977
1001
3646
7352
2661
2848
77
776
9764
2109
8100
5500
2270
9205
5089
447
23
8179
5856
8838
7349
7548
9249
6987
8287
8424
6812
4360
9720
6073
71
6963
266
2427
446
8779
7705
5953
4848
9675
4943
6956
3991
5664
7680
4615
1324
3013
3729
5608
9658
5449
5593
7638
2826
6371
7900
7307
7901
3019
9128
1310
7501
3545
9573
3748
9980
5336
1122
3577
9464
5994
5803
6835
2728
4068
2517
4784
8076
8122
4644
1580
4758
1387
1403
5132
567
7961
9265
9231
7447
2047
7926
3930
1971
2499
4108
4243
2231
6532
6617
35
5085
9842
3425
829
6884
851
449
3009
967
8764
3724
7881
6900
3178
7952
3414
1173
9321
659
1049
1545
198
5987
5617
7804
8247
2030
5828
951
8997
6346
6904
6587
4685
6793
5780
1345
5865
5789
4248
5666
7238
1201
1724
4547
7933
2627
7321
5685
6520
2618
5241
4178
3924
4748
2562
4990
7762
4769
3112
1362
8771
9542
979
9408
30
1760
470
1304
6419
3476
9885
4796
5837
896
1278
882
7425
2290
9020
1309
3008
8503
5437
3097
5517
1040
7433
8033
4778
4052
6684
6822
9614
6464
6004
7759
6204
2524
4757
9615
7281
4654
4920
159
7214
3619
8765
176
3960
4094
7301
3240
4433
5438
4389
8135
9341
1911
8000
2213
1177
2016
8017
1744
9303
933
6125
1667
5848
7453
8107
9560
5572
2172
9649
2938
233
5203
3335
7252
679
6285
9925
5671
7357
3921
9999
6504
6194
8056
7450
9199
3140
3717
2663
7331
4126
7720
7801
8446
1178
8634
6262
6154
2456
9507
6060
7256
4436
2142
1688
9057
9456
7371
1515
8278
8953
9202
1597
6781
6990
2054
422
976
9349
3797
250
5186
4076
5966
489
8899
296
5425
1176
2116
6723
8347
8662
120
9185
5571
1506
2547
8367
7815
1052
4987
5380
1042
2242
7314
7677
9313
4601
2861
3199
5694
2975
570
7610
6320
5050
8733
6991
5253
7696
2600
3034
4969
4182
8673
8965
5797
5621
3458
6673
4196
1800
5434
6114
5428
9129
1540
4099
6613
7598
9979
9178
5737
2576
2188
7817
3791
8809
2700
1784
89
8012
4715
7078
5741
3735
999
5650
4057
4197
7068
2981
3742
1647
989
8214
5352
6415
4996
4548
2966
4184
1106
6551
6366
493
8982
3325
4067
1791
1467
1848
5459
9551
8154
305
6915
6287
6376
4942
6255
8804
6149
9743
3369
8862
4046
4164
2457
5760
4495
975
5356
7319
7247
7263
1547
7685
7791
8785
3854
2794
6428
3190
6234
3515
3813
4982
7245
4040
7104
1350
5138
4277
6787
3353
2241
6247
807
6927
3111
8923
8488
7983
1608
5850
6480
8038
1511
9165
701
3794
8784
5703
174
355
9738
2240
1192
5498
713
3390
1876
5675
9845
7468
5409
2087
1507
8744
8049
2474
5016
1623
4513
6235
8593
7012
3232
9174
5929
1494
8280
2669
2420
4936
4486
320
2416
1502
7056
8628
4504
5494
9086
7992
7279
4149
2537
5860
3552
8552
5388
6171
8758
87
4345
439
4284
5565
5804
3159
342
621
8270
3631
5248
1096
3373
6479
2245
3918
2028
2345
1140
3554
2478
8392
1277
8211
1146
308
5485
2012
6008
1420
237
5358
6429
1196
1230
1395
4456
8609
4542
352
9591
7654
7973
631
4481
7219
884
1869
9945
5960
7542
334
7547
4252
4780
2442
7338
1148
7726
9912
823
8294
6726
9854
9373
9598
4087
8615
8097
6047
9277
7772
8315
246
8417
7536
8249
7416
8314
487
6888
6303
3730
9833
4869
6678
816
2602
405
9928
8316
1858
9173
1094
2641
9221
865
6026
6325
873
2440
4386
3307
5751
1574
3623
3674
1803
1293
5245
4745
9844
7866
2650
81
6964
5644
2948
4524
8181
1703
9990
8343
6458
2934
3807
2335
9825
6806
9601
1579
2636
928
5720
8457
8544
9792
2686
1722
9686
4877
7260
9177
7171
2489
9264
6045
3449
9453
438
3795
955
7125
7033
4335
876
5641
8237
1472
8334
4592
3882
2493
7630
1625
7725
7674
1468
2608
5535
7786
524
1902
8659
8078
3810
6853
2302
5193
9467
7552
8067
5081
2333
4121
4138
178
5800
1685
1111
6050
9038
2959
1471
4861
2720
6978
2151
1637
8740
4678
7408
3589
8009
2881
5410
2175
3878
247
6490
9423
1737
688
1694
6079
3298
910
733
3593
2210
6507
8826
6229
4566
7054
2865
4470
2730
9871
5296
640
700
6796
5447
6238
8063
2956
4766
1306
3749
5902
5454
5463
3052
1006
9393
892
4489
2036
2527
4650
6594
6260
6631
3620
5151
3083
685
1676
5693
7329
108
1469
1125
3341
5144
294
4124
6734
1940
617
8602
4727
5264
5668
4279
4278
5297
4031
9884
4299
9948
1641
2200
103
9209
7525
9504
7557
4395
9721
5695
6727
5285
7637
3851
9153
6664
3599
5268
4588
5047
6465
8566
9335
1337
4539
2052
2211
9334
6462
1453
9392
3937
3537
6557
8696
4622
1243
2263
2651
1891
9073
1996
1436
1966
8897
6354
9715
9270
3035
3148
6304
4005
4344
8299
8059
9294
4934
5124
6159
8762
2099
7232
9638
4808
4731
7106
6635
6599
698
2917
828
3420
6746
1566
6869
9366
8081
1312
8557
1903
4956
146
6239
3715
8632
2639
2835
8473
8542
2020
2579
9550
920
8518
4568
629
2123
7934
4030
3479
2989
1559
1375
7774
3283
1485
7763
3752
4381
7192
2953
4324
2697
1682
3761
4578
2381
8605
2351
1021
7269
8646
3611
339
1203
1812
1775
3933
9837
2216
793
997
171
7541
5980
3418
2073
8224
9308
6961
6302
51
3829
7573
1048
2941
2051
875
2722
1063
2889
3561
7711
1022
6085
6390
2483
3759
175
464
9094
9229
7884
8885
689
6011
7960
4442
3667
3340
996
9843
2734
2461
6885
6802
1377
6207
2189
957
9274
9374
8482
2293
3550
8692
624
1527
6825
2828
8439
9452
3997
1365
5697
297
9163
9158
8080
4036
4382
678
330
1220
8380
9147
2552
346
3026
3497
5281
7660
6823
3716
8258
6433
6647
2495
3313
8606
6850
752
4265
7006
4151
6968
5392
7122
5968
5859
85
5574
6572
2921
8317
1603
8904
3901
4608
6305
4410
5287
4444
4868
8665
3680
5546
1577
1827
3983
4255
2507
7613
4591
1255
4047
5990
1713
2868
4743
9699
4079
4567
7172
1382
5661
1846
2147
4973
2528
6244
528
7310
7805
8989
7994
4896
8002
5516
8693
1530
5935
5840
400
4059
7958
7259
3058
8144
2980
9706
6880
287
9865
7266
6397
2130
6158
2347
1588
6949
5418
7529
9973
2973
8981
1938
4216
2115
9323
1137
8818
7052
3643
3547
5275
5424
5992
2304
9093
3501
9417
9119
2434
8694
8039
8064
3564
5881
8716
380
1054
6511
86
3241
6365
904
1207
2310
4241
2739
2698
8993
7415
3712
2043
34
8411
8770
8853
5414
804
8006
770
8497
7339
8378
6579
1742
9552
5844
4833
9054
1399
9862
6493
2652
4805
7180
231
3164
6323
9788
1135
7300
5112
8736
626
2752
1443
9860
3162
9166
6142
6809
9138
2567
1379
7018
8539
2390
1404
6930
7083
5774
8793
8174
61
6944
9605
5921
2137
344
4428
5192
6529
3005
5739
7458
7986
4730
6210
7687
5590
28
7950
3987
6592
1168
7217
1626
1856
8718
5582
867
5501
3106
4604
328
6319
5597
4602
4667
2075
1589
3627
2644
6017
9861
7928
9327
1807
389
5156
5553
1811
518
6450
5354
40
9109
7750
117
943
1233
7604
7381
8828
8565
3114
5991
7345
9856
772
5195
7140
1560
756
6715
8466
683
4828
4292
4545
9642
9428
5393
1384
2621
2177
4267
5999
4935
1145
5239
2124
811
3817
2033
7384
1829
8540
180
8220
7560
1264
2955
3225
1739
4202
8582
4691
245
9143
2385
6649
5308
4529
5115
2414
3641
9197
6816
6252
3858
5399
1537
293
6824
2455
4907
2267
9238
3510
664
9347
3970
4632
9419
6906
7532
3934
6792
9315
2571
7066
7337
9927
7139
4165
6072
7781
3081
1466
1167
4446
4553
3227
7843
5656
425
6013
3160
5729
5492
1639
8434
4677
5785
2069
6946
3456
5761
2352
6768
4028
3173
2950
6622
8173
2509
9633
3847
309
6485
6804
2645
8060
7969
2893
1632
6948
1347
2024
73
856
8618
2765
2005
2790
3592
1961
7333
653
1581
5984
2616
2759
9718
3248
8714
7072
3733
451
2329
1662
9568
2546
9367
3448
1010
6448
3087
4093
3737
9682
2034
4304
4219
4316
5439
5809
7201
9259
8430
4210
4257
5194
974
3108
6887
3124
8241
6940
457
2113
7409
8549
7718
947
7169
9593
1414
5778
6322
9201
9169
4836
1498
8495
7691
144
5113
5101
8747
1793
1590
3597
9113
4775
7920
5131
8453
6531
1225
754
4342
6668
4995
9462
8103
9429
5036
5107
1174
5910
4123
6309
4152
1332
8177
593
8084
9133
9772
3207
4174
7191
5845
4029
6805
7246
3444
442
1267
4559
2209
2306
4430
4119
630
7481
9917
9950
2565
6066
7618
9529
7760
82
1661
8835
6695
1450
2807
2382
3638
7220
2799
8329
6858
743
3845
5802
1548
7990
7771
8384
8640
7482
5
7304
7629
2804
270
6024
1349
6728
2272
8769
8626
8958
9867
8221
6027
1039
3356
5155
1333
5711
2685
6403
7886
7211
690
2303
358
2746
1256
832
9235
1329
3371
2185
476
2379
4450
6704
2715
4806
1602
6926
1023
9637
5967
1538
6266
7764
9477
3950
5232
4460
2092
114
1364
6707
3110
1033
9344
8654
421
4569
5588
6908
9744
5879
7655
6523
615
387
142
5619
9358
8091
6868
2634
3887
6063
1956
4971
1779
1855
3306
8216
7179
7509
471
7970
4865
1215
1169
5884
2884
7035
5958
8485
9071
8321
9330
5730
4172
7436
9381
8720
9275
2583
9026
5209
3028
8109
6200
5012
8114
9375
1464
9645
7861
1671
362
2346
1950
1834
4528
8915
602
4723
986
6584
2711
5328
4652
6398
8460
9666
4675
1102
3877
4168
7606
4817
7936
360
8678
2604
783
7391
2526
433
936
3787
156
4668
1386
366
3706
1925
8124
3293
8940
4075
697
1620
4014
4309
595
4900
7816
9667
4583
4302
9574
6779
1100
5662
1007
1109
9036
3670
7782
5394
8998
3276
9821
8252
9151
5149
6625
632
5718
3478
8629
4359
9041
5623
562
8944
3351
272
5725
4794
1519
2320
9332
5002
7729
1778
2403
5256
7065
6706
2753
906
1234
4354
7899
6413
1047
1272
5122
6104
9251
3710
8922
5998
5521
5405
2311
8670
3873
8688
3544
9471
6561
4889
9175
8368
8342
2009
1570
8774
5857
9584
9030
8643
4262
5946
5647
6747
1951
9447
8855
7859
7870
2253
7668
9136
5313
8807
6096
4236
7003
1937
5988
9380
7419
3802
852
3305
1274
6393
7291
2212
4120
7448
2606
8892
5532
4281
8851
3648
8610
6041
9696
4873
9714
6243
9872
6757
9779
5503
1348
3326
6998
8086
2997
4811
7019
1913
4114
4649
6015
7897
9227
2437
4872
5128
5288
7808
1743
2288
1918
6357
9639
4195
7790
3974
9135
7103
24
2758
9103
9674
8603
2168
9612
4829
5876
9139
8814
4061
128
1124
375
8910
9168
9789
2221
594
1946
9006
4989
2916
9076
9687
2467
4782
7645
317
7021
9745
4245
357
1198
9301
5277
1372
3495
9906
2135
2332
3384
7442
279
5086
5254
5956
4060
3189
1099
4499
2412
7228
7388
3320
5059
4671
1103
802
9254
9224
9798
5024
5758
6436
499
9646
9242
164
2208
7766
1181
3994
7193
2397
8412
5198
8979
9494
5680
1043
2354
8225
1751
9004
2027
5007
8005
5719
1325
325
321
3682
8245
2111
8607
3792
4198
304
8827
5217
2400
6861
5607
5486
3403
290
687
4271
611
8748
7819
1616
9343
1331
8824
6407
4669
1558
7836
2225
5818
1609
840
3485
3441
4308
3828
5110
747
7708
4142
661
9387
577
374
8515
5715
8941
6475
3999
6977
72
8251
6500
2829
564
4017
4700
1095
331
995
2541
1880
2292
1159
4919
4759
1117
7328
625
259
2932
4173
4295
1336
6081
2413
8639
7546
644
7164
5552
4286
1191
2575
9799
3181
5497
2744
1427
3177
3244
4898
7712
322
7768
545
411
8712
1374
7673
7585
431
9753
1878
6022
4519
9290
9449
7022
1409
1319
4128
2031
1894
2831
6130
2951
2878
4018
7942
5004
6844
1195
1433
3484
9769
4962
608
3805
4327
730
3579
5481
6227
6743
2373
8459
4917
3426
5474
5300
5208
4272
1665
5947
6378
2705
3243
5849
4102
5905
7379
5961
6608
7567
7115
4117
7372
4810
8312
4
1565
3505
9617
222
8146
8422
3995
1051
3947
1853
5677
4238
6854
8377
6814
3382
7652
163
8125
3884
5843
1030
5157
5082
6921
8292
2192
8019
6097
3118
5568
8451
3161
2074
1893
6364
5242
1075
8007
7382
5141
2582
8792
5836
8721
9535
5058
1366
9064
3457
3211
4709
5795
7162
3676
8802
7802
1015
6988
6135
2607
9473
4303
1019
8260
1693
9362
6103
8102
1980
3844
1260
9394
9985
2741
6324
6333
5321
2236
1204
4626
3200
8051
6506
5216
5839
7956
4023
8955
614
5620
9899
8703
6943
3954
1475
4631
1514
3982
9569
7656
3528
170
8909
5854
5130
2222
3143
4402
6273
260
648
1393
2508
5207
5200
3401
1600
3434
9345
6249
4978
8126
8816
3494
6564
1339
3431
111
1546
6656
1441
5202
8490
3251
494
7846
7689
4141
6516
9888
8884
3957
9740
4790
4056
9058
9445
8778
2366
8159
9125
9538
9066
2470
4407
6033
1522
2519
3096
9179
4458
9690
998
9186
6951
1945
6092
6203
2258
6657
9939
822
5602
4571
7876
6524
2487
7566
3014
8498
8830
6539
2591
5119
6110
2324
2477
6456
9603
4404
5562
7283
268
5299
7605
7365
3459
9757
29
3763
9
8967
6402
9578
9641
5801
9069
8684
5170
4264
4859
5983
9286
9267
5183
3879
5163
3016
2327
8708
4063
5689
9988
7880
9722
1138
2419
916
6386
7658
9122
6618
7048
1686
6595
5167
9758
6443
4894
5181
5978
8361
7387
7631
3894
1244
9433
796
6353
5570
970
4593
4803
1889
8852
9622
5114
9660
1210
3961
7837
3843
8253
8513
7489
6767
3753
9378
7117
5754
8732
1657
4112
502
2053
3726
9539
4930
6875
8405
5412
277
2406
4268
6263
9180
7809
1251
492
7327
9802
2353
3310
9376
7393
9190
6645
5467
9502
5874
7473
1562
3287
9272
1788
641
9895
9008
8509
68
2858
5723
8171
4851
6265
4234
4333
8304
5020
172
2838
5400
5477
8046
6290
4139
6406
503
7531
8954
2472
2451
5716
540
6341
5525
5262
5794
720
3153
727
9731
1470
8018
8571
675
6051
9732
1544
9809
3370
9075
2476
7120
9528
5360
7151
8105
6195
6739
2601
5705
3881
942
7082
8322
5690
1859
7850
3060
8458
1149
3518
6497
5559
3612
7657
9295
2102
6201
1269
9333
3446
5234
9118
5398
673
1031
6321
732
785
1723
5834
1606
2632
1523
2044
3010
2986
8787
4199
8995
9287
7478
3256
6923
6985
1571
4913
1405
2789
7343
8379
1953
3017
8912
7242
9661
6451
7594
2977
9553
5443
388
643
4422
4716
4484
5936
8777
1104
8352
7306
8547
3629
561
7060
1991
2203
1792
7204
5952
4144
4538
152
3194
3542
8856
6318
500
9493
6749
1835
4399
4862
9677
4693
1328
6288
239
6300
6372
9600
781
6698
958
8817
5317
4634
9549
6019
313
7145
1246
9183
1830
6831
8734
2418
1004
7940
7688
898
6764
498
5736
99
5243
6589
3529
2983
6933
5185
3482
8437
5928
3826
7650
4756
9613
3824
3681
9712
9248
591
3383
1038
3635
8366
4156
6440
3036
5670
5808
1865
5159
9210
8514
1874
5742
8698
3295
456
8481
7910
6605
9023
7289
8831
3182
7251
5603
5951
6444
1438
8811
6993
7418
818
1132
5014
2299
5001
940
8790
4863
8755
7013
1448
6665
1748
4266
7516
8404
6006
3272
6795
3493
9909
7378
6067
765
9547
8456
4115
1400
1097
2961
7579
2504
3890
2234
2146
3296
1526
7427
5227
1351
1881
8090
1668
9902
5074
4870
2666
526
2985
596
9080
3415
5019
1785
903
3690
7951
7181
8799
6329
1796
4406
1930
4055
8806
253
4447
9043
5148
3102
318
9090
1734
3101
880
5868
5743
2904
6296
479
6691
6586
4605
9727
1677
3404
6256
8971
5458
9761
4293
6230
7679
9911
3848
314
7010
8180
1772
7428
7109
7906
6513
2300
4904
4249
757
1092
94
2704
3508
3600
1651
2536
8169
5289
1484
8
5609
3491
1543
1768
5179
6185
6352
2056
3437
578
4006
1080
7422
8880
2735
4372
3294
6569
1101
5938
2319
2813
9933
1266
7761
3002
6476
3916
8381
9466
6241
5161
4229
5252
147
8583
7863
8986
5528
909
3342
7538
2355
9564
2802
3517
3210
5123
7296
6637
7377
4645
9005
3736
3483
7767
9561
15
62
7096
3027
2620
5823
6886
3496
2748
8902
6223
4231
3559
36
9060
289
9424
9164
4554
363
4233
399
9245
5591
8306
2511
8695
4110
4073
3639
6606
8898
2944
5510
9537
1489
6730
5906
6232
2535
3498
7779
8499
3411
1320
1486
5201
6776
2819
767
677
7133
4714
8925
8240
2415
3949
4517
3506
2851
798
3689
1985
7738
5897
3380
8254
8373
7080
6000
7872
9257
9402
1334
7081
2793
3766
1163
5489
2544
4392
285
8623
9702
8170
2006
5177
7974
2751
7431
9488
4664
4911
9152
274
4201
6612
9995
5550
4253
8142
574
8730
5678
4666
599
7860
4081
6643
1500
2897
8083
9831
1669
2040
3489
7559
1200
4366
5038
3586
3686
5479
5878
7107
3512
7756
9558
6261
9880
3375
9662
8476
1017
8589
218
6394
3202
1121
6368
4724
5180
2877
3998
6292
4445
1297
3889
5063
1599
4841
6163
7185
8625
529
1814
2301
1152
5087
4512
2791
2891
229
5045
2367
5642
521
2176
3702
5327
6012
8943
682
4362
496
2259
1886
4687
4405
8522
473
3941
2220
4824
6619
2756
1432
6873
333
327
3762
2198
6211
5484
75
2859
2930
5841
208
4854
6745
6431
7226
8773
2788
9958
1226
607
5071
9760
6435
5973
1728
7721
1091
5759
8148
7492
5663
1612
1747
145
8398
7935
7545
7979
9465
4624
5667
8344
4191
3504
33
9716
6222
3176
5529
1252
1795
2190
6187
3774
9755
8157
1839
9790
4576
4532
4523
5815
6177
815
2464
8035
1678
69
9527
3516
2294
1439
6421
7740
336
1162
9509
8876
4788
9635
819
8164
2962
5088
7143
6604
8145
9768
4924
5727
508
7155
7661
4064
9230
3352
6840
2633
5557
5237
4883
6538
7362
8795
3831
1714
57
5140
3745
9194
74
991
5923
8408
3000
3470
4033
6175
1460
2285
634
2445
8554
7849
484
50
8810
7964
6275
3842
1909
9108
9604
609
2755
369
4932
3378
1029
9501
6271
7467
2326
7248
9184
9975
1867
2274
8471
4992
3333
6425
5519
1495
1184
6628
303
179
1423
1845
6093
2808
913
1879
3071
5184
4734
6729
2549
6615
517
3926
3024
3255
7838
8204
1584
8641
7340
4242
7005
6082
4379
2902
7112
5408
5196
2784
5852
7030
1428
649
4435
7044
7702
2202
2376
7413
3050
1053
9974
4066
2148
4346
4187
429
2968
407
6035
1963
2322
150
2668
2090
5734
3836
7188
871
7911
220
1429
4247
3819
3699
8363
4148
450
527
2278
3198
2441
195
1719
2484
7584
1136
8121
1425
53
7292
4772
8972
2018
1964
214
9123
1300
4755
9317
1794
5306
563
5875
3637
723
6350
7218
8645
7449
8393
8815
5738
4596
4544
6744
8337
9900
6535
5924
1455
6846
8489
5513
9705
3596
8330
9055
1335
2532
1989
5652
4431
7921
7315
2928
7411
3755
6818
4125
9787
724
187
9034
3345
9915
3945
2119
6960
3332
8690
3397
8576
2551
5214
5470
9399
3818
9655
4328
5781
1035
9673
805
8374
2248
1525
4618
4754
6877
7543
1110
8079
8710
324
486
921
3092
8766
1142
162
1843
4881
1736
3532
8858
5436
2479
2827
1478
6016
9522
9828
2619
6995
1496
7124
4071
406
8192
4107
1394
9751
4514
555
9051
1067
2409
9693
2410
6834
2936
200
3363
5334
7700
6766
4954
7555
5627
7879
1391
3154
3246
1973
7102
850
6387
3806
6864
4540
4490
9929
4520
5806
3711
4874
125
2530
9943
3337
7167
1045
1529
7733
1958
8545
4720
9369
9318
5595
3399
7015
9011
2513
8731
49
7972
1340
8272
9384
5704
9594
5687
9383
2171
100
6874
3938
3038
7690
8389
7400
4712
9544
2205
9644
4921
7160
8357
1431
9953
9557
5342
1392
2424
844
1270
9427
3582
8750
3365
5699
706
3913
6385
2174
3218
8820
7664
7240
9191
6053
7309
7710
3756
2939
1642
104
8239
8068
1875
4213
9491
9503
8289
994
6775
1567
7424
3396
7303
2599
5893
6585
4426
7170
8318
2085
7524
2199
2691
1445
2308
4019
6164
3768
2890
2482
751
8226
6662
6242
6826
379
5413
8077
3011
3977
8032
3904
4670
5084
4525
3777
4767
8761
8264
3820
2121
7941
3946
1421
4837
5628
8200
7505
3215
1837
3714
7527
9506
6624
7636
2926
5488
4206
7177
4827
6122
5783
1561
6714
3450
1193
2407
7662
1936
8805
4557
3713
9650
5538
1921
9947
2230
5768
3433
8182
9572
8652
6992
7401
2920
3622
2089
1295
8263
9472
4355
8209
9942
4938
9883
9454
9490
4015
932
376
4179
4475
8275
9965
4194
7236
3993
5871
1020
3738
3116
7540
7454
3925
6392
3187
436
3972
4314
1787
7443
550
1528
8992
5008
2233
6362
3669
2733
5995
9189
3163
3969
7128
3541
9297
7608
6719
1143
2545
956
1825
4339
6034
3271
3361
7089
6893
4884
5811
2264
9354
7783
224
6314
8491
6801
1954
2143
8328
9608
491
8115
9970
5904
4497
1076
8631
5913
3647
5383
3270
7229
3048
4892
1072
1975
1402
2637
5820
1978
2475
8674
5880
7302
6434
2617
3876
2954
3952
9281
3405
604
4985
9808
4166
3521
1459
3527
8043
1994
4616
1586
3594
4791
5478
6610
3430
7334
3524
3909
2586
5821
9806
4225
1235
2806
1476
8295
397
1765
2780
4307
1643
3573
676
5210
4323
269
10
6909
1456
3650
7141
9260
6770
9875
9951
5083
8438
1352
8155
91
3526
3838
3030
6272
3233
5814
4623
8195
5583
8075
1948
4439
7931
7620
9187
7787
4427
3556
6674
2086
9500
2580
2673
9835
7020
6563
4097
141
3668
9728
472
8333
6574
452
9897
8866
2169
8701
8256
6827
6062
5061
2462
4012
5079
4364
183
2448
1288
3832
7161
1315
4338
5872
1900
5765
797
5625
8918
5679
8388
814
3522
8847
8616
9665
2779
5363
8300
2589
414
1646
5373
6191
3137
8207
3830
4750
769
9956
1710
2800
4154
7627
891
341
2127
161
8269
2952
9983
3054
9579
265
4742
1969
59
2105
6328
6317
4648
3743
5052
7724
7714
4692
795
6528
8854
2256
7845
4792
965
3570
4653
7653
4706
9382
5996
5977
8362
6100
8208
2183
4130
364
8677
1206
3358
5777
6116
7822
4129
777
7621
8863
5490
2879
8687
1451
6593
5152
1088
6139
6765
4411
588
9567
6010
645
60
2500
8869
6197
1463
6373
9937
4864
5396
7878
6616
7148
1435
3165
4153
8563
2817
7396
8483
9312
5146
7268
1631
8394
4707
573
1650
606
5028
5962
2845
3903
5560
4448
8248
2328
6054
4835
6447
9724
58
4857
5575
7626
6107
3279
5900
4109
1531
7586
3563
2447
3919
7023
895
5580
8442
9024
5633
5025
2492
6298
2165
2805
736
3693
5037
5763
7407
5278
6075
4915
7041
557
6148
1610
8587
6682
5539
4960
3076
6088
2422
4010
9541
6291
8150
7577
2444
2772
5600
7437
1702
8098
4116
6482
3146
4367
4686
6889
7344
7051
3098
6040
1343
3928
7064
3327
8622
5188
2553
7592
7086
6301
9406
2207
2640
8569
8111
1981
4001
549
4816
143
8045
4777
5116
5056
4461
7332
1638
8369
6313
2336
2680
7716
3871
704
1229
2613
1477
9683
6568
9059
4518
5364
6780
2550
1458
3665
6542
6549
2395
7730
9819
963
7092
7397
4949
6165
338
9028
7521
7519
4572
6005
5324
6515
9037
7231
7119
4793
7213
6330
8213
5272
3175
5491
2577
5543
4471
5700
7558
6023
731
8112
5366
1521
225
908
9725
3042
8525
7818
8871
686
7444
6654
5430
7717
2647
8510
6156
1113
5963
699
1263
9021
1726
9401
1186
2377
392
3568
5453
2563
1417
3273
3731
1444
6286
4717
2029
1572
7898
3090
3744
7947
6558
3860
6527
4296
3362
5226
9676
6907
7917
7719
1781
1064
8508
2159
3445
4522
7617
8706
6916
11
6492
5507
8139
5648
243
2004
1008
8014
7463
1369
3308
734
5444
9457
7957
466
7111
1799
2271
6454
5674
6126
5788
4735
2762
1422
4230
1424
2372
8577
5372
8860
5975
5657
1861
5145
695
4659
2935
506
7323
3324
207
547
9656
6670
7811
6954
7571
3166
6052
2761
8756
2910
4747
8924
5094
6176
4875
1553
652
8590
2048
764
3783
7199
3095
6253
1683
2750
5526
9588
9841
1976
3147
7477
3223
2894
3074
8832
8794
5367
9065
9631
9938
3266
5933
7581
3758
5855
8324
2269
9876
6871
5422
3454
3022
841
6446
2164
6221
6228
7831
9505
8271
3565
635
7854
1079
7889
8335
3131
2699
5054
5387
3309
6206
5645
6420
6962
5892
1753
3031
9291
6947
8286
2391
7126
7178
8782
8309
1898
8929
1009
4078
4058
3056
9750
5698
576
1740
5027
385
3043
8825
2862
3678
3853
2670
8205
8073
1273
7046
3595
534
3465
6708
3400
8228
9955
2309
9033
912
4871
9959
3115
2218
2490
2239
5895
2459
755
9352
2262
5316
2940
4855
2683
4771
8303
5339
9446
2068
8156
7522
5701
2803
3315
3055
8399
8705
4035
4774
8822
5530
585
3769
2002
825
8530
1311
2214
7944
5473
1292
3170
347
2822
3660
7925
8470
4534
8372
3932
8948
316
6683
3499
4190
3312
6326
4294
9022
6334
9770
530
2296
5353
5466
4665
4606
3663
2982
6578
8908
3132
9969
295
4101
3852
4688
3021
3302
258
3252
4417
1308
8526
2098
3576
8070
6174
7461
7913
9704
7797
8596
6267
5044
209
7985
5605
5450
830
3827
9908
3463
9100
4287
8875
2057
8123
9115
8585
5505
6042
1082
5260
8648
7317
7614
3963
7085
3628
7154
5206
37
8913
6157
692
6894
6155
1622
2224
1764
3192
4488
1605
7852
2356
3883
5824
9268
8475
424
5005
2559
2215
8062
6080
4646
6526
2446
5379
3174
5618
9438
6783
5566
3438
726
6936
3368
2295
8920
6470
9461
9986
7600
4579
8183
9339
1356
6629
9512
8791
249
5204
6118
4614
1077
707
7466
7322
6437
1752
340
694
750
2675
136
5097
3168
7073
6236
6839
3803
3989
2232
5475
7157
1613
941
7097
1932
5403
3343
2958
2555
9566
1406
1636
478
7476
5764
8840
9511
3898
4662
9998
665
9829
1330
5153
9014
1197
9250
365
6733
8385
4521
5133
6718
3821
1317
8358
6508
6224
8191
4901
2076
2084
7312
4388
7032
9762
1756
9435
5798
2909
2276
2394
4376
428
5244
8255
1416
4476
7286
7747
2850
2786
3948
9796
4457
3514
9050
6132
3135
188
9616
7163
2875
4158
633
5160
9935
257
9215
2573
2815
469
5810
5487
8685
2885
1171
4401
9324
2015
9167
3006
5673
8047
1172
8983
9420
5290
3105
9879
3955
7025
9013
2853
3265
9836
3439
8172
8168
6789
4132
2760
1194
1305
5009
1158
9244
1908
6123
4713
6862
4425
7574
9326
6702
4711
2219
212
9816
6567
1070
7088
7977
8149
4946
6577
3785
5238
1691
8534
5322
3869
2378
298
8238
1587
7385
8543
5077
9222
9233
3480
1928
6791
2363
3610
3500
2023
843
2061
4879
7043
4441
8276
9701
3747
7398
337
1660
3543
3245
3229
1359
5108
3321
2787
4214
6996
8127
1160
8230
2768
7138
6627
8119
9451
8296
6337
8879
6941
2338
5382
3037
2923
5954
9989
7788
7084
1536
7959
1116
7999
2834
6170
7224
1943
1919
4910
4953
6833
1675
5909
6363
7851
3204
6639
9400
7609
2254
9517
5310
8364
2689
2723
4317
7399
9284
6379
7991
784
7954
56
8423
6902
7459
4902
5304
6829
1816
9640
5515
987
4480
6905
2757
9310
514
8463
8158
7438
6852
9967
2774
8935
9431
9977
1491
8001
1826
5932
3551
4188
780
544
4175
9881
6245
6289
2463
5381
9606
6895
5010
2946
6974
1401
2623
1655
1024
6399
6760
3046
1046
4501
6441
6731
8302
8579
5271
6153
854
3992
8956
6483
6391
7502
6597
3072
566
8991
3804
5688
5483
6089
1227
416
7186
5464
281
4363
307
9963
1212
5406
7487
2721
3986
4663
9474
992
7893
9412
1568
4034
9487
9659
592
8487
7891
2672
5197
9907
978
7993
76
2361
9316
6837
6533
3732
6192
1997
6777
9521
4289
671
4895
440
7351
7798
1883
1188
4682
8130
1381
5920
8969
8450
2682
5659
9671
7175
9353
463
885
3662
4089
7857
3239
945
7602
6659
9653
413
1539
6179
8449
4189
9801
3696
9910
1730
762
5955
8186
7494
2237
7745
1873
4600
9415
8396
129
7646
282
3891
9470
9570
6312
1628
3329
9923
9425
505
4609
2187
7474
8110
6896
3740
9519
4503
7551
4823
8559
7692
5851
5018
817
657
4251
8803
9812
7587
1074
9946
1355
507
2516
2110
5706
7320
9042
2903
3685
1699
9015
9681
5222
6794
205
3865
8175
5770
9857
6449
1729
8277
5051
5298
8206
7370
5312
4844
7792
9952
2839
9700
5369
964
887
1838
7844
2404
845
6530
8890
5587
4261
5476
1114
9296
7962
9131
2502
1218
9063
4403
1890
461
8889
8506
2564
169
6859
6514
6374
4726
9434
9040
1635
6240
6669
8391
9692
22
7205
9972
6521
1533
1666
3355
4903
2706
9097
9188
3964
8907
3471
3555
8849
4020
5057
4699
8092
6753
6147
2911
565
4986
4310
3776
45
7008
6348
6127
276
1289
2008
4679
8052
9793
1321
1370
5471
1503
6226
7776
4237
7287
1995
7047
286
4396
3939
5592
735
8194
8702
8234
6007
9307
3509
4373
3892
8580
6881
7507
6717
6583
27
9849
8480
8190
879
3347
9892
3633
9991
2995
6095
5276
5981
6361
1222
3144
241
650
1659
9941
8029
381
3812
7929
2892
361
2369
8891
6396
7770
1164
8465
8836
2094
5137
7896
774
2297
63
9361
5257
2709
8066
1240
8504
8520
4541
3292
378
95
3895
4867
759
1505
7871
4537
5332
8780
3078
744
7278
4703
6498
7374
6491
8951
8999
603
6173
8235
3402
3598
8886
4764
4628
1680
8311
1701
9170
6541
5822
9127
9820
680
4739
6307
4343
4570
8003
1219
3469
1434
7821
7765
6119
7827
5813
2465
9565
4967
131
6151
6025
3606
2612
8558
9074
7535
8162
7439
5914
9949
5782
7001
6646
2595
9132
2128
4993
1993
4232
3047
8894
7971
8868
1504
7123
6882
8575
696
3099
4681
2046
2154
2888
8069
4336
3531
2280
7105
1711
1061
5314
5934
7869
4502
655
7045
8537
9309
5402
8861
9083
2426
3413
2882
6442
6581
4037
6002
3575
7432
8737
2812
5319
7984
9540
2438
6472
7
8561
8193
8883
6099
6748
7591
4612
2496
6188
6782
931
7842
6872
1457
3655
8308
3695
8320
7270
8800
9003
6965
3334
7830
5835
8176
7277
102
3781
1922
8436
395
1353
5957
6671
9439
8620
6807
9486
1211
8594
3424
7622
9009
7024
5378
9049
1888
4843
1376
3339
6212
1854
7282
4122
1473
1569
4607
4134
7699
4809
4341
5752
8129
3649
8397
1557
6111
9077
8624
7793
3290
2942
7373
1821
5265
4840
2590
3534
2710
4988
5899
3197
2423
9532
6225
6020
5270
2695
4204
4135
5273
4183
9708
5452
1806
3927
2065
6994
7847
5949
2314
4515
4274
204
1313
4106
5561
4625
4546
5945
7520
1011
9025
2842
9262
5280
6471
9236
4819
3728
8975
5231
9483
6003
7031
3782
3750
7497
9846
4039
9785
1617
556
8375
2729
6758
8661
6752
8406
7451
6686
6332
2656
2929
4564
5542
4032
6401
3417
2717
3282
775
8872
6098
6269
1228
78
3331
6369
5812
6641
8227
3886
6049
1681
2660
5564
8212
3475
5098
3587
959
332
6553
4347
4246
4846
8143
5375
9709
8048
8882
7737
1068
455
7530
826
6741
8131
8325
821
6178
4729
5937
9596
3540
7144
4694
404
610
1595
2915
3677
9364
5926
6064
9305
4858
9489
3935
5908
5303
8867
8568
9340
9319
3968
5126
8729
4887
6327
9853
1860
1483
4776
4443
590
7777
4239
271
8010
9338
1465
985
6439
5143
5669
7394
5139
1133
2742
7488
9607
8359
8973
9269
3067
4832
8586
2082
7583
13
1864
4500
6090
2471
9855
1774
7071
4478
2763
8293
481
4088
1706
1912
7233
1250
6937
3249
2542
7027
5750
5533
6466
763
6299
8050
3250
3673
960
5017
4804
7462
9253
9211
7007
6667
2558
7280
3129
6196
512
3364
9811
3967
1209
4594
368
6922
3850
6509
6468
8382
8511
4642
5894
1576
4878
1767
9632
5676
4958
8939
7369
4673
4506
9703
8345
5320
1689
8464
9960
9001
3584
3880
4377
7325
3263
4813
2569
522
4004
835
9476
2653
737
6282
9630
3049
8089
9691
7988
4282
7885
7553
2998
8338
2895
5531
3061
1411
3583
9061
8724
177
4045
3018
9784
8598
495
7703
5070
9096
9359
9162
3472
824
3923
255
7491
8757
2724
1746
4297
5612
219
8753
8988
9931
8553
6217
3567
3549
5164
1700
9858
1585
9416
3041
3867
3281
6700
1970
7127
215
7350
7183
9495
9314
6457
3656
8298
6547
7743
1357
9940
4009
3093
1418
4290
6636
1542
6591
7589
7829
8273
427
5182
3219
9805
4212
2157
5311
639
878
1065
5615
8841
3922
6754
0
9141
2201
3779
7389
137
6566
8013
3507
1934
7773
2643
8808
7159
7410
3003
5415
3237
2676
3704
356
7212
5523
9997
7421
3796
8203
3664
9966
4561
954
3683
6582
2244
3350
1583
1341
7028
4358
5762
4944
2429
1150
3951
1018
2417
4945
2869
5944
6680
1032
3100
7746
3811
6609
8153
4728
9651
4348
42
3388
2783
5062
9800
5218
7715
3980
4702
6400
2284
2078
7981
9411
9634
7486
6703
3094
8268
4672
2081
1093
377
9159
8524
4051
9091
8664
9546
8704
6084
2162
7173
1231
4560
4349
7611
7590
7152
5223
7528
373
6198
165
9984
9351
4923
666
4025
5756
8584
546
4893
6820
7244
3857
3257
2038
9263
4959
3336
8667
7207
1127
1983
9325
7075
6738
935
7968
9450
7684
8242
2857
2655
5547
1279
5508
7457
1261
4473
1757
1690
7364
5042
5598
8617
3973
3687
4180
4465
1847
1833
6697
2021
3421
1933
6588
7647
1410
8262
4976
393
5922
113
1959
2907
5493
9220
4133
4964
5015
4880
8023
6316
6536
370
6141
3557
7227
2193
6950
8057
1028
782
3525
8797
5468
3915
8874
4260
5168
9273
937
5692
9172
8517
5772
4721
4970
4927
7358
8415
2824
2195
2572
6676
8636
7649
5537
2622
714
5093
3773
3849
4024
1962
223
5864
860
7472
3659
2049
3846
2649
9619
6031
7506
8410
4530
8024
9589
7208
532
1342
9293
8307
2384
6537
5979
2531
9520
7980
5520
8427
80
5361
7576
2764
983
6975
2229
2970
1658
5581
9513
6503
6590
3905
6832
6821
4420
1798
5511
4459
5225
5199
8197
9413
6495
7998
423
2836
3841
6701
2160
8560
4413
9516
2180
9669
2273
6409
1442
8297
3387
354
3519
284
7825
9508
7963
135
3269
2364
5862
3379
4718
9095
8468
4332
4590
2933
740
9012
5099
5919
7744
3136
3442
3976
1741
2281
4983
3142
2883
2149
2194
3230
7695
251
7499
8116
4635
3214
2307
8760
3609
3020
9218
6150
5033
6381
9422
2557
8834
9292
8681
9214
9652
5030
2129
132
5142
2133
7395
5846
4351
191
2847
5432
988
4939
5964
5616
6815
6689
6774
2681
3393
3303
6559
5259
812
7882
7366
6032
5250
5941
8152
5817
1247
877
5724
7938
9684
5869
7490
9767
1013
8651
1924
9627
3012
9072
417
1999
8301
9896
5060
2141
6601
96
1709
6924
539
7241
7452
3784
3630
8429
9859
43
542
2596
5440
6340
7895
106
7267
9824
5997
2235
4947
3893
4077
4038
4070
2173
3823
84
3172
4705
7359
4181
738
7049
1118
6131
1762
6359
8233
4575
7059
1189
6836
6057
4831
2912
1449
1715
839
806
4802
1863
3224
7194
5769
7510
9782
5187
2991
4159
3920
5109
8370
2386
8759
9117
554
7663
5189
396
4661
4963
6293
6803
3082
9733
5049
8431
7118
6848
3138
6152
278
9285
7414
7017
9391
2937
9203
7196
8848
6250
4977
2066
1185
5095
119
3451
7569
8160
1144
7094
981
221
3772
8433
4069
5578
2635
1773
4096
9200
5579
9306
2458
6133
7832
7561
3703
8279
4991
5965
9432
9830
6866
1939
326
7862
1112
3280
9418
2494
8462
6076
4980
1931
9680
7464
7265
9390
7298
3410
197
9288
6487
729
1419
9694
211
9499
5636
359
5120
4217
6043
9255
8305
8963
948
1286
2430
4647
8461
9302
4984
1786
2339
1248
7135
7168
5129
9864
9193
8591
636
4966
8353
4585
8551
5456
7769
348
8599
3119
984
7150
6280
4171
663
6258
6519
3338
4449
2727
319
1972
7996
4955
5330
1974
6740
5166
3834
9089
3709
6355
4007
6808
1276
5279
192
8042
5357
969
301
3398
5807
7235
7596
8163
5506
2206
8519
9031
401
6021
8202
9889
460
4491
7417
9583
7055
3943
857
5917
4321
8215
7495
